4.743		a0
1.0		a
0.8660254	b
2.72958		c
.true.          hexagonal?
1.0 -.5 0.0	Base vectors
0.0 0.8660254038 0.0
0.0 0.0 1.0
2		number of species
Al 13		atom, atomic number
O   8
30		ncell, number of atoms in unit cell
0.0 0.0 0.35216 13	atom vector and atomic number for each specie in unit cell
0.0 0.0 0.64784 13
0.0 0.0 0.85216 13
0.0 0.0 0.14784 13
0.33334 0.66667 0.018827 13
0.33334 0.66667 0.314507 13
0.33334 0.66667 0.51883 13
0.33334 0.66667 0.814507 13
0.66667 0.33334 0.685493 13
0.66667 0.33334 0.981173 13
0.66667 0.33334 0.185493 13
0.66667 0.33334 0.481173 13
0.3061  0.0     0.25     8
0.0     0.3061  0.25     8
0.6939  0.6939  0.25     8
0.6939  0.0     0.75     8
0.0     0.6939  0.75     8
0.3061  0.3061  0.75     8
0.63943 0.66667 0.91667  8
0.33334 0.97277 0.91667  8
0.02723 0.36057 0.91667  8
0.02733 0.66667 0.41667  8
0.33334 0.36057 0.41667  8
0.63943 0.97277 0.41667  8
0.97277 0.33334 0.58333  8
0.66667 0.63943 0.58333  8
0.36057 0.02723 0.58333  8
0.36057 0.33334 0.08333  8
0.66667 0.02723 0.08333  8
0.97277 0.63943 0.08333  8
