7.7703		 a0
1.0		 a
0.790613         b
0.896400         c
.false.		hexagonal?  ! monoclinic
1.0 0.0  0.0  Base vectors  
0.0 1.0  0.0 
0.0 0.0  1.0
5		number of species
V  23		atom, atomic number
P  15
O1 88
O2 98
O3 78
28		ncell, number of atoms in unit cell
0.1735  0.25    0.2307  23	atom vector and atomic number for each specie in unit cell
0.3265  0.75    0.7307  23
0.8265  0.75    0.7693  23
0.6735  0.25    0.2693  23
0.8831  0.25    0.8783  15
0.6169  0.75    0.3783  15
0.1169  0.75    0.1217  15
0.3831  0.25    0.6217  15
0.1228  0.5494  0.2511  98
0.3772  0.4506  0.7511  98
0.6228  0.9506  0.2489  98
0.8772  0.0494  0.7489  98
0.8772  0.4506  0.7489  98
0.6228  0.5494  0.2489  98
0.3772  0.0494  0.7511  98
0.1228  0.9506  0.2511  98
0.7235  0.25    0.0091  78
0.7765  0.75    0.5091  78
0.2765  0.75    0.9909  78
0.2235  0.25    0.4909  78
0.0469  0.25    0.997   98
0.4531  0.75    0.497   98
0.9531  0.75    0.003   98
0.5469  0.25    0.503   98
0.3594  0.25    0.1442  88
0.1406  0.75    0.6442  88
0.6406  0.75    0.8558  88
0.8594  0.25    0.3558  88

