7.765		a0
1.0		a
0.8660254	b
0.724018	c
.true.		hexagonal?
1.0 -.5 0.0	Base vectors
0.0 0.8660254038 0.0
0.0 0.0 1.0
2		number of species
Si 14		atom, atomic number
N   7
28		ncell, number of atoms in unit cell
 0.51306   0.43056  0.6589  14	atom vector and atomic number for each specie in unit cell
-0.43056   0.0825   0.6589  14
-0.0825   -0.51306  0.6589  14
 0.43056   0.51306  1.1589  14
-0.51306  -0.0825   1.1589  14
 0.0825   -0.4305   1.1589  14
 0.16807   0.91506  0.45049 14
-0.91506  -0.74699  0.45049 14
 0.74699  -0.16807  0.45049 14
 0.91506   0.16807  0.95049 14
-0.16807   0.74699  0.95049 14
-0.74699  -0.91506  0.95049 14
 0.61242   0.95922  0.434326 7
-0.95922  -0.3468   0.434326 7
 0.3468   -0.61242  0.434326 7
 0.95922   0.61242  0.934326 7
-0.61242   0.3468   0.934326 7
-0.3468   -0.95922  0.934326 7
 0.319918  0.004620 0.704532 7
-0.004620  0.315298 0.704532 7
-0.315298 -0.319918 0.704532 7
 0.004620  0.319918 1.204532 7
-0.319918 -0.315298 1.204532 7
 0.315298 -0.004620 1.204532 7
 0.3333     .6666   0.60153  7
 0.6666    0.3333   1.101536 7
 0.0       0.0      0.452045 7
 0.0       0.0      0.952045 7

