7.2659		a0
1.0		a
0.948733123219	b
0.999889896640  c
.false.		hexagonal?  ! monoclinic
1.0 0.0 -0.427982618214579  Base vectors  beta=115.3396
0.0 1.0  0.0 
0.0 0.0  0.903786965222554
3		number of species
V 23		atom, atomic number
O  8
P 15
28		ncell, number of atoms in unit cell
0.5 0.7289 1.0 23	atom vector and atomic number for each specie in unit cell
0.5 0.2711 0.5 23
0.2057 0.6197 0.2146 15
0.2057 0.3803 0.7146 15
0.6867 0.6461 0.1913 8
0.6867 0.3539 0.6913 8
0.3637 0.5016 0.8867 8
0.3637 0.4984 0.3867 8
0.31 0.7552 0.108 8
0.31 0.2448 0.608 8
0.099 0.7595 0.309 8
0.099 0.2405 0.809 8
0.0463 0.515 0.5539 8
0.0463 0.485 0.0539 8
1.0     0.7711  0.2711 23
1.0     0.2289  0.7289 23
0.7057  0.1197  0.6197 15
0.7057  0.8803  0.3803 15
0.1867  0.8539  0.3539 8
0.1867  0.1461  0.6461 8
0.5463  0.985   0.485 8
0.5463  0.015   0.515 8
0.8637  0.9984  0.4984 8
0.8637  0.0016  0.5016 8
0.599   0.2595  0.7595 8
0.599   0.7405  0.2405 8
0.81    0.2552  0.7552 8
0.81    0.7448  0.2448 8


